FORMAT distance-matrix v1.0 http://cod.ibt.lt/cod-tools/trunk/perl-scripts/cif-distances/docs/cif_distances_matrix_v1.0 
Atom name: Co1 
Atom type: Co 
Orthogonal coordinates:   -0.624   10.349    0.000
Fractional coordinates:    0.000    1.000    0.000
Atom site disorder group: . 
Atom site disorder assembly: . 
Atom name: Nd1 
Atom type: Nd 
Orthogonal coordinates:   -1.036    8.029    3.316
Fractional coordinates:    0.087    0.919    0.332
Atom site disorder group: . 
Atom site disorder assembly: . 
Atom name: O1 
Atom type: O 
Orthogonal coordinates:   -1.803    9.188    5.659
Fractional coordinates:    0.110    1.132    0.567
Atom site disorder group: . 
Atom site disorder assembly: . 
Atom name: O2 
Atom type: O 
Orthogonal coordinates:   -0.071    9.964    4.585
Fractional coordinates:    0.277    1.161    0.459
Atom site disorder group: . 
Atom site disorder assembly: . 
Atom name: O3 
Atom type: O 
Orthogonal coordinates:    0.258    9.184    1.529
Fractional coordinates:    0.169    0.953    0.153
Atom site disorder group: . 
Atom site disorder assembly: . 
Atom name: O4 
Atom type: O 
Orthogonal coordinates:    1.516    8.157    2.983
Fractional coordinates:    0.382    0.917    0.299
Atom site disorder group: . 
Atom site disorder assembly: . 
ATOMS      Co1/Co     Nd1/Nd     O1/O       O2/O       O3/O       O4/O       
Co1/Co     0.000      4.068      5.896      4.634      2.115      4.276      
Nd1/Nd     4.068      0.000      2.406      2.508      2.490      2.577      
O1/O       5.896      2.406      0.000      2.181      4.615      4.126      
O2/O       4.634      2.508      2.181      0.000      3.171      2.890      
O3/O       2.115      2.490      4.615      3.171      0.000      2.180      
O4/O       4.276      2.577      4.126      2.890      2.180      0.000      

